[5, 10, 15, 20, 25, 30, 35, 40, 45, 50]n[6, 12, 18, 24, 30, 36, 42, 48, 54, 60]
[6, 12, 18, 24, 30, 36, 42, 48, 54, 60]
[7, 14, 21, 28, 35, 42, 49, 56, 63, 70]
[9, 18, 27, 36, 45, 54, 63, 72, 81, 90]
[4, 8, 12, 16, 20, 24, 28, 32, 36, 40]
Table of 7 : [7, 14, 21, 28, 35, 42, 49, 56, 63, 70]  
Table of 8 : [8, 16, 24, 32, 40, 48, 56, 64, 72, 80]  
Table of 9 : [9, 18, 27, 36, 45, 54, 63, 72, 81, 90]  
Table of 7 : [7, 14, 21, 28, 35, 42, 49, 56, 63, 70]  
Table of 8 : [8, 16, 24, 32, 40, 48, 56, 64, 72, 80]  
